000   000   000   000   000   000   000   000   000   000   000   000   000   000   000   000   000   000   000   000
000   000   000   000   000   000   000   000   000   000   000   000   000   000   000   000   000   000   000   000
000   000   000   000   000   000   000   000   000   000   000   000   000   000   000   000   000   000   000   000

000   000   000   000   000   000   000   000   000   000   000   000   000   000   000   000   000   000   000   000
000   000   000   000   000   000   000   000   000   000   000   000   000   000   000   000   000   000   000   000
000   000   000   000   000   000   000   000   000   000   000   000   000   000   000   000   000   000   000   000

000   000   000   000   000   000   000   000   000   000   000   000   000   000   000   000   000   000   000   000
000   000   000   000   000   000   000   000   000   000   000   000   000   000   000   000   000   000   000   000
000   000   000   000   000   000   000   000   000   000   000   000   000   000   000   000   000   000   000   000

000   000   000   000   000   000   000   000   000   000   000   000   000   000   000   000   000   000   000   000
000   000   000   000   000   000   000   000   000   000   000   000   000   000   000   000   000   000   000   000
000   000   000   000   000   000   000   000   000   000   000   000   000   000   000   000   000   000   000   000

000   000   000   000   000   000   000   000   000   000   000   000   000   000   000   000   000   000   000   000
000   000   000   000   000   000   000   000   000   000   000   000   000   000   000   000   000   000   000   000
000   000   000   000   000   000   000   000   000   000   000   000   000   000   000   000   000   000   000   000

000   000   000   000   000   000   000   000   000   000   000   000   000   000   000   000   000   000   000   000
000   000   000   000   000   000   000   000   000   000   000   000   000   000   000   000   000   000   000   000
000   000   000   000   000   000   000   000   000   000   000   000   000   000   000   000   000   000   000   000

000   000   000   000   000   000   000   000   000   000   000   000   000   000   000   000   000   000   000   000
000   000   000   000   000   000   000   000   000   000   000   000   000   000   000   000   000   000   000   000
000   000   000   000   000   000   000   000   000   000   000   000   000   000   000   000   000   000   000   000

000   000   000   000   000   000   000   000   000   000   000   000   000   000   000   000   000   000   000   000
000   000   000   000   000   000   000   000   000   000   000   000   000   000   000   000   000   000   000   000
000   000   000   000   000   000   000   001   010   100   000   000   000   000   000   000   000   000   000   000

000   000   000   000   000   000   000   000   000   000   000   000   000   000   000   000   000   000   000   000
000   000   000   000   000   000   000   001   000   100   000   000   000   000   000   000   000   000   000   000
000   000   000   000   000   000   004   040   400   000   000   000   000   000   000   000   000   000   000   000

000   000   000   000   000   000   000   001   010   100   000   000   000   000   000   000   000   000   000   000
000   000   000   000   000   000   005   010   400   000   000   000   000   000   000   000   000   000   000   000
000   000   000   000   000   000   000   000   000   000   000   000   000   000   000   000   000   000   000   000

000   000   000   000   000   000   005   050   400   000   000   000   000   000   000   000   000   000   000   000
000   000   000   000   000   000   000   000   000   000   000   000   000   000   000   000   000   000   000   000
000   000   000   000   000   000   000   000   000   000   000   000   000   000   000   000   000   000   000   000

000   000   000   000   000   000   000   000   000   000   000   000   000   000   000   000   000   000   000   000
000   000   000   000   000   000   000   000   000   000   000   000   000   000   000   000   000   000   000   000
000   000   000   000   000   000   000   000   000   000   000   000   000   000   000   000   000   000   000   000

000   000   000   000   000   000   000   000   000   000   000   000   000   000   000   000   000   000   000   000
000   000   000   000   000   000   000   000   000   000   000   000   000   000   000   000   000   000   000   000
000   000   000   000   000   000   000   000   000   000   000   000   000   000   000   000   000   000   000   000

000   000   000   000   000   000   000   000   000   000   000   000   000   000   000   000   000   000   000   000
000   000   000   000   000   000   000   000   000   000   000   000   000   000   000   000   000   000   000   000
000   000   000   000   000   000   000   000   000   000   000   000   000   000   000   000   000   000   000   000

000   000   000   000   000   000   000   000   000   000   000   000   000   000   000   000   000   000   000   000
000   000   000   000   000   000   000   000   000   000   000   000   000   000   000   000   000   000   000   000
000   000   000   000   000   000   000   000   000   000   000   000   000   000   000   000   000   000   000   000

000   000   000   000   000   000   000   000   000   000   000   000   000   000   000   000   000   000   000   000
000   000   000   000   000   000   000   000   000   000   000   000   000   000   000   000   000   000   000   000
000   000   000   000   000   000   000   000   000   000   000   000   000   000   000   000   000   000   000   000

000   000   000   000   000   000   000   000   000   000   000   000   000   000   000   000   000   000   000   000
000   000   000   000   000   000   000   000   000   000   000   000   000   000   000   000   000   000   000   000
000   000   000   000   000   000   000   000   000   000   000   000   000   000   000   000   000   000   000   000

000   000   000   000   000   000   000   000   000   000   000   000   000   000   000   000   000   000   000   000
000   000   000   000   000   000   000   000   000   000   000   000   000   000   000   000   000   000   000   000
000   000   000   000   000   000   000   000   000   000   000   000   000   000   000   000   000   000   000   000

000   000   000   000   000   000   000   000   000   000   000   000   000   000   000   000   000   000   000   000
000   000   000   000   000   000   000   000   000   000   000   000   000   000   000   000   000   000   000   000
000   000   000   000   000   000   000   000   000   000   000   000   000   000   000   000   000   000   000   000

000   000   000   000   000   000   000   000   000   000   000   000   000   000   000   000   000   000   000   000
000   000   000   000   000   000   000   000   000   000   000   000   000   000   000   000   000   000   000   000
000   000   000   000   000   000   000   000   000   000   000   000   000   000   000   000   000   000   000   000