000   000   000   000   000   000   000   000   000   000   000   000
000   000   000   000   000   000   000   000   000   000   000   000
000   000   000   000   000   000   000   000   000   000   000   000

000   000   000   000   000   000   000   000   000   000   000   000
000   000   000   000   000   000   000   000   000   000   000   000
000   005   050   400   000   000   000   000   010   100   000   000

000   000   000   000   000   000   000   000   000   000   000   000
000   005   010   400   000   000   000   000   000   100   000   000
000   000   002   020   200   000   001   010   100   000   000   000

000   004   040   400   000   000   000   000   000   000   000   000
000   000   002   000   200   000   002   000   100   000   000   000
000   000   001   010   004   050   500   004   040   400   000   000

000   000   002   020   200   000   002   020   100   000   000   000
000   002   001   000   004   110   500   004   010   500   000   000
000   000   000   001   010   100   000   000   000   000   000   000

000   000   000   010   004   040   400   004   050   500   000   000
000   000   001   001   000   200   000   000   000   000   000   000
000   000   000   000   000   000   002   024   140   400   000   000

000   000   000   011   020   200   000   000   000   000   000   000
000   000   000   000   000   000   002   004   110   500   000   000
000   000   000   000   000   000   000   000   000   000   000   000

000   000   000   000   010   000   001   014   140   400   000   000
000   000   000   000   000   000   000   000   000   100   000   000
000   000   000   000   000   000   000   000   000   000   000   000

000   000   000   000   000   000   000   010   000   000   000   000
000   000   000   000   000   000   000   000   000   000   000   000
000   000   000   000   000   000   000   000   000   000   000   000

000   000   000   000   000   000   000   000   000   000   000   000
000   000   000   000   000   000   000   000   000   000   000   000
000   000   000   000   000   000   000   000   000   000   000   000

000   000   000   000   000   000   000   000   000   000   000   000
000   000   000   000   000   000   000   000   000   000   000   000
000   000   000   000   000   000   000   000   000   000   000   000

000   000   000   000   000   000   000   000   000   000   000   000
000   000   000   000   000   000   000   000   000   000   000   000
000   000   000   000   000   000   000   000   000   000   000   000

