000   000   000   000   000   000   000   000   000   000   000   000
000   000   000   000   000   000   000   000   000   000   000   000
000   000   000   000   000   000   000   000   000   000   000   000

000   000   000   000   000   000   000   000   000   000   000   000
000   000   000   000   000   000   000   000   000   000   000   000
000   000   000   000   000   000   000   004   050   400   000   000

000   000   000   000   000   000   000   000   000   000   000   000
000   000   000   000   000   000   000   004   010   400   000   000
000   000   001   020   200   000   000   001   020   200   000   000

000   000   000   000   000   000   000   004   040   400   000   000
000   000   001   000   200   000   000   001   000   200   000   000
000   000   004   040   400   000   000   000   000   000   000   000

000   000   001   010   100   000   000   001   010   100   000   000
000   001   004   010   400   000   001   000   000   000   000   000
000   000   005   050   400   000   000   000   000   000   000   000

000   001   014   050   400   000   001   010   000   000   000   000
000   000   005   010   400   000   000   000   000   000   000   000
000   000   000   001   010   100   001   010   000   000   000   000

000   000   004   040   400   000   000   000   000   000   000   000
000   000   001   001   000   200   001   000   000   000   000   000
000   000   000   000   000   000   004   041   410   100   000   000

000   000   000   001   010   100   000   000   000   000   000   000
000   000   000   000   000   000   005   011   400   200   000   000
000   000   000   000   000   000   000   000   000   000   000   000

000   000   000   000   000   000   004   041   420   200   000   000
000   000   000   000   000   000   000   000   000   000   000   000
000   000   000   000   000   000   000   000   000   000   000   000

000   000   000   000   000   000   000   000   000   000   000   000
000   000   000   000   000   000   000   000   000   000   000   000
000   000   000   000   000   000   000   000   000   000   000   000

000   000   000   000   000   000   000   000   000   000   000   000
000   000   000   000   000   000   000   000   000   000   000   000
000   000   000   000   000   000   000   000   000   000   000   000

000   000   000   000   000   000   000   000   000   000   000   000
000   000   000   000   000   000   000   000   000   000   000   000
000   000   000   000   000   000   000   000   000   000   000   000

