000   000   000   000   000   000   000   000   000   000   000   000
000   000   000   000   000   000   000   000   000   000   000   000
000   000   000   000   000   000   000   000   000   000   000   000

000   000   000   000   000   000   000   000   000   000   000   000
000   000   000   000   000   000   000   000   000   000   000   000
000   000   000   000   000   000   000   001   020   100   000   000

000   000   000   000   000   000   000   000   000   000   000   000
000   000   000   000   000   000   000   001   000   100   000   000
000   000   005   060   500   000   004   040   400   000   000   000

000   000   000   000   000   000   000   001   010   100   000   000
000   000   005   010   500   000   005   010   400   000   000   000
000   000   001   020   100   000   000   000   000   000   000   000

000   000   005   050   500   000   005   050   410   000   000   000
000   002   001   000   100   100   000   000   000   000   000   000
000   000   002   024   140   400   000   000   000   000   000   000

000   000   001   020   100   000   000   000   000   000   000   000
000   001   002   004   110   600   000   000   000   000   000   000
000   000   000   000   000   000   005   060   400   000   000   000

000   000   001   024   150   500   000   000   000   000   000   000
000   000   000   000   000   100   005   010   400   000   000   000
000   000   000   000   000   000   001   010   100   000   000   000

000   000   000   000   010   100   004   040   400   000   000   000
000   000   000   000   000   000   002   000   100   100   000   000
000   000   000   000   000   000   000   000   000   000   000   000

000   000   000   000   000   000   001   010   100   000   000   000
000   000   000   000   000   000   000   000   000   000   000   000
000   000   000   000   000   000   000   000   000   000   000   000

000   000   000   000   000   000   000   000   000   000   000   000
000   000   000   000   000   000   000   000   000   000   000   000
000   000   000   000   000   000   000   000   000   000   000   000

000   000   000   000   000   000   000   000   000   000   000   000
000   000   000   000   000   000   000   000   000   000   000   000
000   000   000   000   000   000   000   000   000   000   000   000

000   000   000   000   000   000   000   000   000   000   000   000
000   000   000   000   000   000   000   000   000   000   000   000
000   000   000   000   000   000   000   000   000   000   000   000

