000   000   000   000   000   000   000   000   000   000   000   000   000   000   000   000   000   000   000   000
000   000   000   000   000   000   000   000   000   000   000   000   000   000   000   000   000   000   000   000
000   000   000   000   000   000   000   000   000   000   000   000   000   000   000   000   000   000   000   000

000   000   000   000   000   000   000   000   000   000   000   000   000   000   000   000   000   000   000   000
000   000   000   000   000   000   000   000   000   000   000   000   000   000   000   000   000   000   000   000
000   000   000   000   000   000   000   000   000   000   000   000   000   000   000   000   000   000   000   000

000   000   000   000   000   000   000   000   000   000   000   000   000   000   000   000   000   000   000   000
000   000   000   000   000   000   000   000   000   000   000   000   000   000   000   000   000   000   000   000
000   000   000   000   000   000   000   000   000   000   000   000   000   000   000   000   000   000   000   000

000   000   000   000   000   000   000   000   000   000   000   000   000   000   000   000   000   000   000   000
000   000   000   000   000   000   000   000   000   000   000   000   000   000   000   000   000   000   000   000
000   000   000   000   000   000   000   000   000   000   000   000   000   000   000   000   000   000   000   000

000   000   000   000   000   000   000   000   000   000   000   000   000   000   000   000   000   000   000   000
000   000   000   000   000   000   000   000   000   000   000   000   000   000   000   000   000   000   000   000
000   000   000   000   000   000   000   000   000   000   000   000   000   000   000   000   000   000   000   000

000   000   000   000   000   000   000   000   000   000   000   000   000   000   000   000   000   000   000   000
000   000   000   000   000   000   000   000   000   000   000   000   000   000   000   000   000   000   000   000
000   000   000   000   000   000   000   000   000   000   000   000   000   000   000   000   000   000   000   000

000   000   000   000   000   000   000   000   000   000   000   000   000   000   000   000   000   000   000   000
000   000   000   000   000   000   000   000   000   000   000   000   000   000   000   000   000   000   000   000
000   000   000   000   000   000   000   000   000   000   000   000   000   000   000   000   000   000   000   000

000   000   000   000   000   000   000   000   000   000   000   000   000   000   000   000   000   000   000   000
000   000   000   000   000   000   000   000   000   000   000   000   000   000   000   000   000   000   000   000
000   000   000   000   000   000   000   004   040   400   000   000   000   000   000   000   000   000   000   000

000   000   000   000   000   000   000   000   000   000   000   000   000   000   000   000   000   000   000   000
000   000   000   000   000   000   000   004   010   400   000   000   000   000   000   000   000   000   000   000
000   000   000   000   000   000   000   000   000   000   000   000   000   000   000   000   000   000   000   000

000   000   000   000   000   000   000   004   040   400   000   000   000   000   000   000   000   000   000   000
000   000   000   000   000   000   000   000   000   000   000   000   000   000   000   000   000   000   000   000
000   000   000   000   000   000   000   000   000   000   000   000   000   000   000   000   000   000   000   000

000   000   000   000   000   000   000   000   000   000   000   000   000   000   000   000   000   000   000   000
000   000   000   000   000   000   000   000   000   000   000   000   000   000   000   000   000   000   000   000
000   000   000   000   000   000   000   000   000   000   000   000   000   000   000   000   000   000   000   000

000   000   000   000   000   000   000   000   000   000   000   000   000   000   000   000   000   000   000   000
000   000   000   000   000   000   000   000   000   000   000   000   000   000   000   000   000   000   000   000
000   000   000   000   000   000   000   000   000   000   000   000   000   000   000   000   000   000   000   000

000   000   000   000   000   000   000   000   000   000   000   000   000   000   000   000   000   000   000   000
000   000   000   000   000   000   000   000   000   000   000   000   000   000   000   000   000   000   000   000
000   000   000   000   000   000   000   000   000   000   000   000   000   000   000   000   000   000   000   000

000   000   000   000   000   000   000   000   000   000   000   000   000   000   000   000   000   000   000   000
000   000   000   000   000   000   000   000   000   000   000   000   000   000   000   000   000   000   000   000
000   000   000   000   000   000   000   000   000   000   000   000   000   000   000   000   000   000   000   000

000   000   000   000   000   000   000   000   000   000   000   000   000   000   000   000   000   000   000   000
000   000   000   000   000   000   000   000   000   000   000   000   000   000   000   000   000   000   000   000
000   000   000   000   000   000   000   000   000   000   000   000   000   000   000   000   000   000   000   000

000   000   000   000   000   000   000   000   000   000   000   000   000   000   000   000   000   000   000   000
000   000   000   000   000   000   000   000   000   000   000   000   000   000   000   000   000   000   000   000
000   000   000   000   000   000   000   000   000   000   000   000   000   000   000   000   000   000   000   000

000   000   000   000   000   000   000   000   000   000   000   000   000   000   000   000   000   000   000   000
000   000   000   000   000   000   000   000   000   000   000   000   000   000   000   000   000   000   000   000
000   000   000   000   000   000   000   000   000   000   000   000   000   000   000   000   000   000   000   000

000   000   000   000   000   000   000   000   000   000   000   000   000   000   000   000   000   000   000   000
000   000   000   000   000   000   000   000   000   000   000   000   000   000   000   000   000   000   000   000
000   000   000   000   000   000   000   000   000   000   000   000   000   000   000   000   000   000   000   000

000   000   000   000   000   000   000   000   000   000   000   000   000   000   000   000   000   000   000   000
000   000   000   000   000   000   000   000   000   000   000   000   000   000   000   000   000   000   000   000
000   000   000   000   000   000   000   000   000   000   000   000   000   000   000   000   000   000   000   000

000   000   000   000   000   000   000   000   000   000   000   000   000   000   000   000   000   000   000   000
000   000   000   000   000   000   000   000   000   000   000   000   000   000   000   000   000   000   000   000
000   000   000   000   000   000   000   000   000   000   000   000   000   000   000   000   000   000   000   000