000 000 000 000 000 000 000 000 
003 000 300 102 108 002 700 500 
060 611 010 100 005 060 600 000 

002 020 200 000 007 XXX 720 200 
002 601 000 202 107 XXX 600 200 
004 051 410 010 000 XXX 000 000 

080 XXX 020 201 017 080 520 110 
006 XXX 500 001 200 100 000 100 
021 XXX 030 120 200 000 000 000 

015 060 510 011 110 010 010 000 
002 000 000 100 300 100 000 000 
097 697 894 940 400 000 000 000 

000 XXX 010 XXX 100 000 000 000 
009 XXX 804 XXX 700 100 000 000 
002 XXX 200 XXX 000 000 000 000 

077 678 784 750 410 000 000 000 
005 000 400 300 200 000 000 000 
000 000 000 000 000 000 000 000 

025 070 330 120 100 000 000 000 
000 000 000 200 000 000 000 000 
000 000 000 000 000 000 000 000 

020 020 020 100 000 000 000 000 
000 000 000 000 000 000 000 000 
000 000 000 000 000 000 000 000 
