000 000 000 000 000 XXX 000 000 000 000 000 000 000 000 000 000 000 000 
000 000 000 000 005 XXX 400 000 001 000 000 000 100 000 000 000 000 000 
000 000 000 001 010 XXX 080 800 000 002 036 361 610 010 010 100 000 000 

000 000 000 000 004 040 400 000 000 000 000 000 000 000 000 000 000 000 
000 000 000 001 001 006 000 800 101 003 006 301 800 000 000 100 000 000 
000 002 020 020 022 130 300 000 000 000 006 064 467 480 800 000 000 000 

000 000 000 000 000 006 060 600 000 002 026 XXX XXX 000 000 000 000 000 
000 002 000 001 004 100 300 200 102 000 006 XXX XXX 500 800 100 000 000 
000 000 002 026 264 640 400 000 000 000 000 XXX XXX 200 000 000 000 000 

000 000 000 000 003 XXX 210 000 002 020 024 064 657 570 700 000 000 000 
000 001 003 008 305 XXX 500 100 000 000 001 004 000 200 100 100 000 000 
000 000 000 000 000 XXX 001 010 010 010 100 000 000 000 000 000 000 000 

000 000 002 038 385 660 410 100 000 000 000 004 040 210 010 100 000 000 
000 001 000 000 000 100 001 000 000 000 101 000 000 000 100 000 000 000 
000 000 000 000 000 000 010 023 040 310 000 001 014 060 410 100 000 000 

000 001 010 020 020 110 000 000 000 000 001 010 010 XXX 100 000 000 000 
000 000 000 000 000 000 002 003 000 300 200 001 004 XXX 400 100 000 000 
010 010 020 200 001 010 026 086 865 650 500 000 008 XXX 710 010 100 000 

000 000 000 000 000 000 000 002 020 XXX 000 000 004 040 400 000 000 000 
000 000 000 200 002 001 008 007 805 XXX 700 001 008 000 700 100 100 000 
002 030 300 000 000 004 044 260 421 XXX 020 010 100 002 020 200 000 000 

000 000 000 000 000 000 008 XXX 685 660 600 000 007 070 700 000 000 000 
003 000 300 100 002 004 005 XXX 601 200 000 101 101 002 000 400 100 000 
065 650 400 000 001 010 012 XXX 456 472 630 300 000 000 000 000 000 000 

003 XXX 200 000 000 003 045 270 XXX 010 000 001 010 012 040 400 000 000 
005 XXX 500 100 002 001 002 006 XXX 602 600 400 101 000 000 000 100 000 
000 XXX 020 010 010 107 074 740 XXX 000 000 001 010 020 010 100 000 000 

084 660 410 100 001 010 012 XXX 456 462 620 200 001 010 010 010 100 000 
000 002 000 000 001 108 004 XXX 602 100 000 102 100 000 000 100 000 000 
000 000 002 030 200 000 000 XXX 000 000 000 000 003 030 200 000 000 000 

000 000 000 000 000 008 084 760 422 120 020 010 100 000 000 000 000 000 
000 002 002 000 301 200 000 000 100 000 000 001 003 000 200 100 100 000 
000 001 016 080 610 100 000 000 000 000 000 000 014 056 470 700 000 000 

000 000 002 030 301 010 010 010 100 000 000 000 002 XXX 200 000 000 000 
000 003 006 000 600 300 000 000 000 000 000 002 005 XXX 400 800 100 000 
000 004 057 480 800 000 000 000 000 000 001 010 016 XXX 800 000 000 000 

000 001 XXX 080 610 100 000 000 000 000 000 001 014 066 480 800 000 000 
000 006 XXX 400 800 200 000 000 000 000 001 001 007 000 800 100 100 000 
000 000 XXX 005 051 420 020 111 110 020 010 102 020 204 040 400 000 000 

000 005 057 480 XXX 000 000 000 000 000 000 000 007 070 XXX 000 000 000 
000 002 000 005 XXX 600 000 101 100 000 001 104 000 204 XXX 600 000 000 
000 000 000 000 XXX 062 620 200 008 080 700 000 000 000 XXX 000 000 000 

000 002 020 014 060 600 000 000 000 XXX 000 003 030 214 050 500 000 000 
000 000 000 001 008 002 600 301 108 XXX 701 100 100 000 100 000 000 000 
000 000 000 000 004 040 400 000 000 XXX 060 600 000 000 000 000 000 000 

000 000 000 000 007 XXX 630 200 007 080 701 010 010 010 100 000 000 000 
000 000 000 001 006 XXX 400 001 100 006 000 800 100 000 000 000 000 000 
000 000 000 000 000 XXX 000 000 000 000 000 000 000 000 000 000 000 000 

000 000 000 000 016 070 420 011 110 016 080 800 000 000 000 000 000 000 
000 000 000 000 000 000 000 000 000 000 000 000 000 000 000 000 000 000 
000 000 000 000 000 000 000 000 000 000 000 000 000 000 000 000 000 000 

000 000 000 000 000 000 000 000 000 000 000 000 000 000 000 000 000 000 
000 000 000 000 000 000 000 000 000 000 000 000 000 000 000 000 000 000 
000 000 000 000 000 000 000 000 000 000 000 000 000 000 000 000 000 000 
