000 000 000 000 000 000 000 000 000 000 000 000 000 000 000 000 000 000 
000 000 000 000 000 000 000 000 000 000 000 000 000 000 000 000 000 000 
000 000 000 000 000 000 000 000 000 004 040 400 000 000 000 000 000 000 

000 000 000 000 000 000 000 000 000 000 XXX 000 000 000 000 000 000 000 
000 000 000 000 000 000 000 000 000 004 XXX 400 000 000 000 000 000 000 
000 004 040 400 004 044 440 400 004 040 XXX 000 004 040 400 000 000 000 

000 000 000 000 000 XXX 000 000 000 004 040 400 000 000 000 000 000 000 
000 004 000 400 004 XXX 400 400 004 000 400 000 004 000 400 000 000 000 
000 000 004 040 400 XXX 000 000 000 000 000 004 040 400 000 000 000 000 

000 004 040 XXX 004 044 440 400 004 040 400 000 XXX 040 400 000 000 000 
000 000 004 XXX 400 000 000 000 000 000 000 004 XXX 400 000 000 000 000 
000 000 000 XXX 000 000 000 000 000 000 000 000 XXX 000 000 000 000 000 

000 000 004 040 400 000 000 000 000 000 000 004 040 400 000 000 000 000 
000 000 000 000 000 000 000 000 000 000 000 000 000 000 000 000 000 000 
000 000 000 000 000 000 000 004 040 400 000 000 000 000 000 000 000 000 

000 000 000 000 000 000 000 000 XXX 000 000 000 000 000 000 000 000 000 
000 000 000 000 000 000 000 004 XXX 400 000 000 000 000 000 000 000 000 
000 004 040 400 000 004 040 400 XXX 040 400 000 004 040 400 000 000 000 

000 000 000 000 000 000 000 004 040 400 000 000 000 000 000 000 000 000 
000 004 000 400 000 004 000 400 004 000 400 000 004 000 400 000 000 000 
004 040 400 000 000 004 040 400 000 000 000 000 000 004 040 400 000 000 

000 XXX 040 400 000 004 XXX 400 004 040 400 000 004 040 XXX 000 000 000 
004 XXX 400 000 000 004 XXX 400 000 000 000 000 000 004 XXX 400 000 000 
000 XXX 000 000 000 000 XXX 040 400 004 040 400 000 000 XXX 000 000 000 

004 040 400 000 000 004 040 XXX 000 000 XXX 000 000 004 040 400 000 000 
000 000 000 000 000 000 004 XXX 400 004 XXX 400 000 000 000 000 000 000 
000 004 040 400 000 004 040 XXX 004 040 XXX 000 004 040 400 000 000 000 

000 000 000 000 000 000 004 040 400 004 040 400 000 000 000 000 000 000 
000 004 000 400 000 004 000 400 004 000 400 000 004 000 400 000 000 000 
000 000 004 040 400 000 000 000 000 000 000 000 004 040 400 000 000 000 

000 004 040 XXX 000 004 040 400 004 040 400 000 004 XXX 400 000 000 000 
000 000 004 XXX 400 000 000 000 000 000 000 000 004 XXX 400 000 000 000 
000 000 000 XXX 000 000 000 000 000 000 000 000 000 XXX 000 000 000 000 

000 000 004 040 400 000 000 000 000 000 000 000 004 040 400 000 000 000 
000 000 000 000 000 000 000 000 000 000 000 000 000 000 000 000 000 000 
000 000 004 040 400 000 000 000 000 000 000 000 000 000 000 000 000 000 

000 000 000 XXX 000 000 000 000 000 000 000 000 000 000 000 000 000 000 
000 000 004 XXX 400 000 000 000 000 000 000 000 000 000 000 000 000 000 
000 004 040 XXX 000 004 040 400 004 040 400 004 044 440 400 000 000 000 

000 000 004 040 400 000 000 000 000 000 000 000 XXX 000 000 000 000 000 
000 004 000 400 000 004 000 400 004 000 400 004 XXX 400 400 000 000 000 
000 000 000 000 000 004 040 400 004 040 400 000 XXX 000 000 000 000 000 

000 004 040 400 000 004 XXX 400 004 XXX 400 004 044 440 400 000 000 000 
000 000 000 000 000 004 XXX 400 004 XXX 400 000 000 000 000 000 000 000 
000 000 000 000 000 000 XXX 000 000 XXX 000 000 000 000 000 000 000 000 

000 000 000 000 000 004 040 400 004 040 400 000 000 000 000 000 000 000 
000 000 000 000 000 000 000 000 000 000 000 000 000 000 000 000 000 000 
000 000 000 000 000 000 000 000 000 000 000 000 000 000 000 000 000 000 

000 000 000 000 000 000 000 000 000 000 000 000 000 000 000 000 000 000 
000 000 000 000 000 000 000 000 000 000 000 000 000 000 000 000 000 000 
000 000 000 000 000 000 000 000 000 000 000 000 000 000 000 000 000 000 

000 000 000 000 000 000 000 000 000 000 000 000 000 000 000 000 000 000 
000 000 000 000 000 000 000 000 000 000 000 000 000 000 000 000 000 000 
000 000 000 000 000 000 000 000 000 000 000 000 000 000 000 000 000 000 
