000 000 000 000 000 000 000 000 000 000 000 000 000 000 000 000 000 000 
000 000 000 000 000 000 000 000 000 000 000 000 000 000 000 000 000 000 
000 000 000 000 000 014 060 500 000 006 074 740 400 000 000 000 000 000 

000 000 000 000 000 000 XXX 000 000 000 000 XXX 000 000 000 000 000 000 
000 000 000 000 000 004 XXX 500 000 006 004 XXX 500 000 000 000 000 000 
000 002 020 100 006 061 XXX 100 001 010 100 XXX 006 070 700 000 000 000 

000 000 000 000 000 004 040 400 000 006 064 640 400 XXX 000 000 000 000 
000 002 000 100 007 001 600 200 002 000 100 000 006 XXX 700 000 000 000 
000 000 006 064 640 400 000 000 000 000 000 006 060 XXX 000 000 000 000 

000 001 010 100 XXX 061 610 100 002 020 100 000 006 060 600 000 000 000 
000 000 006 005 XXX 500 000 000 000 000 000 007 000 600 000 000 000 000 
000 000 000 000 XXX 000 000 000 000 000 000 000 000 000 000 000 000 000 

000 000 006 075 750 410 010 000 000 000 000 007 070 600 000 000 000 000 
000 000 000 000 000 000 000 000 000 000 000 000 000 000 000 000 000 000 
000 000 000 000 000 000 000 007 070 600 000 000 000 000 000 000 000 000 

000 000 000 000 000 000 000 000 000 000 000 000 000 000 000 000 000 000 
000 000 000 000 000 000 000 007 000 600 000 000 000 000 000 000 000 000 
000 001 020 200 000 001 024 154 541 410 100 000 007 070 600 000 000 000 

000 000 000 000 000 000 000 XXX XXX 600 000 000 000 XXX 000 000 000 000 
000 001 000 200 001 001 005 XXX XXX 400 200 000 007 XXX 600 000 000 000 
006 060 600 000 000 007 070 XXX XXX 000 000 000 000 XXX 060 600 000 000 

000 001 010 100 000 001 015 154 451 420 200 000 006 060 600 000 000 000 
007 000 600 000 001 007 000 600 100 000 000 000 000 006 000 700 000 000 
040 400 000 000 000 000 006 070 704 056 470 700 000 000 000 000 000 000 

XXX 070 600 000 000 006 070 600 000 XXX 000 000 000 006 070 700 000 000 
XXX 400 000 000 001 000 006 000 805 XXX 400 700 000 000 000 000 000 000 
XXX 002 020 100 000 006 060 600 001 XXX 100 000 001 020 100 000 000 000 

050 400 000 000 000 000 XXX 070 704 046 460 600 000 000 000 000 000 000 
000 002 000 100 000 007 XXX 600 002 000 100 001 001 000 100 100 000 000 
000 000 006 060 600 000 XXX 000 000 000 000 000 006 060 600 000 000 000 

000 001 010 100 000 007 070 600 002 020 100 000 001 010 100 000 000 000 
000 000 006 000 700 000 000 000 000 000 000 001 006 000 600 100 000 000 
000 000 004 050 400 000 000 000 000 000 000 000 000 004 040 400 000 000 

000 000 006 XXX 700 000 000 000 000 000 000 000 006 070 XXX 000 000 000 
000 001 004 XXX 400 100 000 000 000 000 000 000 000 004 XXX 500 000 000 
000 000 006 XXX 700 000 000 000 000 000 000 000 014 060 XXX 000 000 000 

000 000 004 XXX 400 000 000 000 000 000 000 000 000 XXX 050 500 000 000 
000 000 006 XXX 700 000 000 000 000 000 000 000 004 XXX 500 000 000 000 
000 001 010 XXX 000 001 020 100 001 020 100 006 061 XXX 100 000 000 000 

000 000 006 060 600 000 000 000 000 000 000 000 004 040 400 000 000 000 
000 002 000 100 001 001 000 101 101 000 100 107 001 600 200 000 000 000 
000 000 000 000 004 046 460 600 006 060 600 000 000 000 000 000 000 000 

000 002 020 100 000 XXX 010 100 001 010 100 006 061 610 100 000 000 000 
000 000 000 000 006 XXX 400 601 106 000 600 100 000 000 000 000 000 000 
000 000 000 000 000 XXX 000 000 000 004 040 400 000 000 000 000 000 000 

000 000 000 000 005 056 470 600 006 070 XXX 000 010 010 000 000 000 000 
000 000 000 000 000 000 000 000 000 004 XXX 500 000 000 000 000 000 000 
000 000 000 000 000 000 000 000 000 000 XXX 000 000 000 000 000 000 000 

000 000 000 000 000 000 000 000 000 004 050 500 000 000 000 000 000 000 
000 000 000 000 000 000 000 000 000 000 000 000 000 000 000 000 000 000 
000 000 000 000 000 000 000 000 000 000 000 000 000 000 000 000 000 000 

000 000 000 000 000 000 000 000 000 000 000 000 000 000 000 000 000 000 
000 000 000 000 000 000 000 000 000 000 000 000 000 000 000 000 000 000 
000 000 000 000 000 000 000 000 000 000 000 000 000 000 000 000 000 000 
