000 000 000 000 000 000 XXX 000 000 000 000 000 000 000 000 000 000 000 
000 000 000 001 008 004 XXX 500 101 001 000 000 100 100 000 000 000 000 
000 000 000 000 010 012 XXX 300 000 002 023 141 230 020 020 200 000 000 

000 000 000 000 006 064 640 400 000 000 000 000 000 000 000 000 000 000 
000 000 000 002 001 002 000 400 201 003 003 101 300 200 000 200 000 000 
000 001 011 020 035 080 710 100 000 000 007 076 672 630 300 000 000 000 

000 000 000 000 000 XXX 030 300 000 001 012 120 200 000 000 000 000 000 
000 001 001 002 007 XXX 700 200 201 002 008 008 702 900 400 200 000 000 
000 000 001 012 126 XXX 600 000 000 000 004 045 450 500 000 000 000 000 

000 000 000 000 007 070 510 010 101 011 026 XXX XXX 820 200 000 000 000 
000 001 002 004 107 300 800 100 000 001 006 XXX XXX 600 100 200 000 000 
000 000 000 000 000 000 001 010 010 010 100 XXX XXX 010 010 000 000 000 

000 000 001 013 137 280 610 000 000 000 015 067 490 620 010 100 000 000 
000 001 001 001 000 100 101 000 000 000 101 000 000 000 100 100 000 000 
000 000 000 000 000 001 021 032 050 220 110 102 026 080 620 100 000 000 

000 000 011 020 030 120 110 000 000 000 001 010 010 010 100 000 000 000 
000 000 000 000 000 001 002 002 000 200 200 102 006 000 600 200 000 000 
010 010 010 100 001 011 022 047 387 870 700 000 003 034 250 410 000 000 

000 000 000 000 000 000 000 001 XXX 100 000 000 006 070 XXX 000 000 000 
000 000 000 100 001 002 005 008 XXX 1000 900 102 003 004 XXX 700 100 000 
025 080 700 000 000 002 027 186 XXX 680 520 110 100 001 XXX 100 000 000 

000 XXX 000 000 000 000 003 037 XXX XXX 800 000 002 034 250 500 000 000 
006 XXX 700 100 001 004 009 107 XXX XXX 700 202 100 001 000 200 100 000 
027 XXX 600 000 001 020 021 037 XXX XXX 210 100 000 000 000 000 000 000 

006 060 500 000 000 002 038 1105 784 670 610 101 010 011 020 200 000 000 
007 200 800 100 003 002 002 008 303 901 300 200 100 000 000 000 100 000 
000 001 010 010 010 007 076 760 600 000 000 001 010 010 010 000 000 000 

036 270 610 000 001 010 XXX 036 282 731 210 100 000 010 010 010 100 000 
000 001 100 100 002 109 XXX 702 801 200 100 101 100 000 000 100 000 000 
000 001 011 020 110 100 XXX 000 000 000 000 000 002 030 120 010 100 000 

020 020 110 100 000 008 097 781 631 130 120 110 000 000 000 000 000 000 
001 002 001 000 102 200 000 000 100 100 000 002 002 000 100 200 100 000 
000 001 022 050 320 100 000 000 000 000 000 006 066 482 640 400 000 000 

000 000 001 010 102 020 020 020 110 010 000 000 XXX 010 100 000 000 000 
001 004 002 000 300 400 000 000 000 000 000 008 XXX 402 600 600 200 000 
000 006 078 690 810 010 000 010 000 000 000 010 XXX 040 310 000 000 000 

000 000 XXX XXX 210 100 000 000 000 000 000 005 056 472 630 300 000 000 
001 009 XXX XXX 800 300 100 000 000 000 001 002 004 000 300 200 200 000 
000 000 XXX XXX 080 620 020 101 010 024 060 601 010 106 060 600 000 000 

000 008 087 690 710 100 000 000 000 000 XXX 000 014 050 220 010 100 000 
001 002 000 008 101 800 100 102 100 005 XXX 602 001 106 100 800 100 000 
000 000 000 000 002 031 210 100 009 090 XXX 010 100 000 004 040 400 000 

000 002 020 026 080 800 000 000 000 004 040 402 020 116 080 XXX 000 000 
000 000 000 002 004 001 300 302 109 000 701 200 100 000 004 XXX 500 000 
000 000 000 000 006 060 600 000 000 002 020 200 000 000 000 XXX 000 000 

000 000 000 010 013 041 310 100 007 080 701 010 010 020 014 050 500 000 
000 000 000 002 007 000 600 201 101 002 000 400 100 000 000 000 000 000 
000 000 000 000 004 040 400 000 000 000 000 000 000 000 000 000 000 000 

000 000 000 001 017 XXX 620 111 020 012 040 400 000 000 000 000 000 000 
000 000 000 001 004 XXX 400 000 001 000 000 000 100 000 000 000 000 000 
000 000 000 000 000 XXX 000 000 000 000 000 000 000 000 000 000 000 000 

000 000 000 001 014 060 410 000 001 010 010 010 100 000 000 000 000 000 
000 000 000 000 000 000 000 000 000 000 000 000 000 000 000 000 000 000 
000 000 000 000 000 000 000 000 000 000 000 000 000 000 000 000 000 000 
