000 000 000 000 000 000 000 000 000 000 000 000 000 000 000 000 000 000 000 000 
000 000 000 000 000 000 000 000 000 000 000 000 000 000 000 000 000 000 000 000 
000 000 000 000 000 000 000 000 000 000 000 000 000 000 000 000 000 000 000 000 

000 000 000 000 000 000 000 000 000 000 000 000 000 000 000 000 000 000 000 000 
000 000 000 000 000 000 000 000 000 000 000 000 000 000 000 000 000 000 000 000 
000 000 000 000 000 000 000 000 000 000 000 000 000 000 000 000 000 000 000 000 

000 000 000 000 000 000 000 000 000 000 000 000 000 000 000 000 000 000 000 000 
000 000 000 000 000 000 000 000 000 000 000 000 000 000 000 000 000 000 000 000 
000 000 000 000 000 000 000 000 000 000 000 000 000 000 000 000 000 000 000 000 

000 000 000 000 000 000 000 000 000 000 000 000 000 000 000 000 000 000 000 000 
000 000 000 000 000 000 000 000 000 000 000 000 000 000 000 000 000 000 000 000 
000 000 000 000 000 000 000 000 000 000 000 000 000 000 000 000 000 000 000 000 

000 000 000 000 000 000 000 000 000 000 000 000 000 000 000 000 000 000 000 000 
000 000 000 000 000 000 000 000 000 000 000 000 000 000 000 000 000 000 000 000 
000 000 000 000 000 000 000 000 000 000 000 000 000 000 000 000 000 000 000 000 

000 000 000 000 000 000 000 000 000 000 000 000 000 000 000 000 000 000 000 000 
000 000 000 000 000 000 000 000 000 000 000 000 000 000 000 000 000 000 000 000 
000 000 000 000 000 000 000 000 000 000 000 000 000 000 000 000 000 000 000 000 

000 000 000 000 000 000 000 000 000 000 000 000 000 000 000 000 000 000 000 000 
000 000 000 000 000 000 000 000 000 000 000 000 000 000 000 000 000 000 000 000 
000 000 000 000 000 000 001 020 020 010 100 000 000 000 000 000 000 000 000 000 

000 000 000 000 000 000 000 000 000 000 000 000 000 000 000 000 000 000 000 000 
000 000 000 000 000 000 001 000 000 000 100 000 000 000 000 000 000 000 000 000 
000 000 000 000 000 000 006 063 630 200 000 000 000 000 000 000 000 000 000 000 

000 000 000 000 000 000 000 000 000 000 000 000 000 000 000 000 000 000 000 000 
000 000 000 000 000 000 008 003 600 300 100 000 000 000 000 000 000 000 000 000 
000 000 000 000 000 004 040 400 000 000 000 000 000 000 000 000 000 000 000 000 

000 000 000 000 000 000 XXX 062 620 200 000 000 000 000 000 000 000 000 000 000 
000 000 000 000 000 005 XXX 400 000 000 200 000 000 000 000 000 000 000 000 000 
000 000 000 000 000 000 XXX 000 000 000 000 000 000 000 000 000 000 000 000 000 

000 000 000 000 000 005 051 420 020 020 200 000 000 000 000 000 000 000 000 000 
000 000 000 000 000 000 000 000 000 000 000 000 000 000 000 000 000 000 000 000 
000 000 000 000 000 000 000 000 000 000 000 000 000 000 000 000 000 000 000 000 

000 000 000 000 000 000 000 000 000 000 000 000 000 000 000 000 000 000 000 000 
000 000 000 000 000 000 000 000 000 000 000 000 000 000 000 000 000 000 000 000 
000 000 000 000 000 000 000 000 000 000 000 000 000 000 000 000 000 000 000 000 

000 000 000 000 000 000 000 000 000 000 000 000 000 000 000 000 000 000 000 000 
000 000 000 000 000 000 000 000 000 000 000 000 000 000 000 000 000 000 000 000 
000 000 000 000 000 000 000 000 000 000 000 000 000 000 000 000 000 000 000 000 

000 000 000 000 000 000 000 000 000 000 000 000 000 000 000 000 000 000 000 000 
000 000 000 000 000 000 000 000 000 000 000 000 000 000 000 000 000 000 000 000 
000 000 000 000 000 000 000 000 000 000 000 000 000 000 000 000 000 000 000 000 

000 000 000 000 000 000 000 000 000 000 000 000 000 000 000 000 000 000 000 000 
000 000 000 000 000 000 000 000 000 000 000 000 000 000 000 000 000 000 000 000 
000 000 000 000 000 000 000 000 000 000 000 000 000 000 000 000 000 000 000 000 

000 000 000 000 000 000 000 000 000 000 000 000 000 000 000 000 000 000 000 000 
000 000 000 000 000 000 000 000 000 000 000 000 000 000 000 000 000 000 000 000 
000 000 000 000 000 000 000 000 000 000 000 000 000 000 000 000 000 000 000 000 

000 000 000 000 000 000 000 000 000 000 000 000 000 000 000 000 000 000 000 000 
000 000 000 000 000 000 000 000 000 000 000 000 000 000 000 000 000 000 000 000 
000 000 000 000 000 000 000 000 000 000 000 000 000 000 000 000 000 000 000 000 

000 000 000 000 000 000 000 000 000 000 000 000 000 000 000 000 000 000 000 000 
000 000 000 000 000 000 000 000 000 000 000 000 000 000 000 000 000 000 000 000 
000 000 000 000 000 000 000 000 000 000 000 000 000 000 000 000 000 000 000 000 

000 000 000 000 000 000 000 000 000 000 000 000 000 000 000 000 000 000 000 000 
000 000 000 000 000 000 000 000 000 000 000 000 000 000 000 000 000 000 000 000 
000 000 000 000 000 000 000 000 000 000 000 000 000 000 000 000 000 000 000 000 

000 000 000 000 000 000 000 000 000 000 000 000 000 000 000 000 000 000 000 000 
000 000 000 000 000 000 000 000 000 000 000 000 000 000 000 000 000 000 000 000 
000 000 000 000 000 000 000 000 000 000 000 000 000 000 000 000 000 000 000 000 
